	Country	GY	SY	TKW	SDW	SDL	STM	SPK	TKW_M	SDW_M	SDL_M	Tiller	Leaf
Gen_1	Germany	5.1	130	39.6	3.5	6	62.1	11.3	45.3	4.2	6.4	3	4
Gen_2	Germany	5.7	168	34.2	3.6	6.6	68.7	12.4	44	4.2	6.3	11	3
Gen_3	Germany	4.8	182	26.6	3	6.5	47.4	14	32.8	3.8	6.5	4	3
Gen_4	Germany	2.1	46	44.6	3.4	6.5	55.1	10.9	17.2	NA	6.8	5	4
Gen_5	Germany	7.7	220	34.9	2.9	5.8	66.8	11.8	39.9	3.1	6.3	3	4
Gen_6	Germany	8.3	200	41.4	3.7	6.6	62.8	11.1	43.2	4.1	6.8	4	2
Gen_7	Germany	4.1	118	34.5	3.5	6.3	71.9	11.6	49.5	3.5	7.1	4	4
Gen_8	Germany	5.8	173	33.6	3.2	6.6	66	13.1	38.1	3.5	6.5	7	4
Gen_9	Germany	1.1	59	17.9	2.5	6.6	43.5	13	45.3	3.8	7.1	5	4
Gen_10	Germany	5.4	154	35.1	3.6	6.5	78.8	12.8	42.8	3.6	6.8	3	4
Gen_11	Germany	3	97	31.4	3.4	6.6	63.2	14	47.4	4.5	7.2	5	3
Gen_12	Germany	NA	NA	NA	NA	NA	67.2	11	NA	NA	NA	5	4
Gen_13	Germany	5.4	141	38.5	3.6	6.5	56.4	11.9	44.1	3.8	6.6	3	4
Gen_14	Germany	5.2	159	32.9	3.2	5.9	64.7	11.8	39.5	3.3	6.2	4	4
Gen_15	France	4.6	114	40.1	3.2	6.5	77.3	12.7	46.2	3.6	7	3	4
Gen_16	France	7.8	163	48	4.2	6.8	76.8	11.8	57.5	4.3	7.4	4	4
Gen_17	France	6.2	168	37	3	6.4	56.8	11.4	44.1	4	5.9	4	3
Gen_18	France	5.6	124	45.4	3.9	5.7	68.2	10.4	52.3	4.2	6.5	2	4
Gen_19	France	4.6	126	36.7	4	7	74.9	14	47.9	4.4	7.1	4	4
Gen_20	France	NA	100	NA	4	6.8	57.5	10.9	38.6	4	6.6	6	5
Gen_21	France	5.5	143	38.5	3.6	6.2	62.2	10.7	46.5	4.3	6.7	4	3
Gen_22	France	4.7	121	39	3.6	6.5	62.9	13.5	44.9	3.8	7	2	3
Gen_23	France	5.2	149	34.9	3.2	6.3	69.1	12.3	39.5	3.2	6.7	6	3
Gen_24	France	NA	NA	22.6	2.8	5.5	58.2	13.4	30.1	3.5	6.1	12	4
Gen_25	France	5.8	191	30.5	3.7	6.2	47.8	12.7	36	3.4	7	5	4
Gen_26	France	5	138	36.4	3.3	6	57.6	11.4	39.5	3.8	6	3	4
Gen_27	France	6.6	160	41.2	4	6.2	64.5	12.9	45.1	3.6	6.8	4	4
Gen_28	France	1.6	68	23.4	3.2	5.3	76.9	12.4	40.3	3.7	6.8	4	4
Gen_29	France	5.8	154	37.4	3.8	6.5	56.7	12.6	48.4	3.5	6.8	4	3
Gen_30	France	5.2	176	29.7	3.2	5.7	48	10.1	32.2	3.7	6.1	4	3
Gen_31	France	NA	NA	NA	NA	NA	75.5	11.6	NA	NA	NA	4	3
Gen_32	France	2.3	100	22.8	3.8	5.4	58.5	10.7	33.4	3.5	5.7	5	3
Gen_33	France	8.7	239	36.2	3.4	6.5	67.2	13.5	42.4	3.9	6.3	4	3
Gen_34	France	3.7	131	28.6	3	5.8	43.2	12.5	32.3	3.4	6.2	5	4
Gen_35	France	2.8	89	31.4	3.1	6.7	52.2	13.5	43.1	3.6	6.6	4	4
Gen_36	France	4.7	104	45.6	3.5	6.8	59.9	11.1	50.2	3.8	6.7	3	3
Gen_37	France	4	110	36.2	3.7	6.3	77	14.1	43.2	4	6.8	5	4
Gen_38	France	4.8	182	26.2	3.5	6.4	65.8	12.6	42.2	3.8	6.2	4	4
Gen_39	Britain	5.4	232	23.4	2.9	5.4	64.3	13.1	35.6	3.6	6	5	3
Gen_40	Britain	5.7	200	28.7	3.4	6.6	63.4	11.8	41.3	3.8	6.5	4	4
Gen_41	Britain	1.6	44	35.6	3.2	6.4	71.9	16.1	46.2	3.6	7.2	3	4
Gen_42	Britain	3.8	120	31.7	3.8	6.6	57.2	10.5	39.9	3.5	7.1	3	4
Gen_43	Britain	4.3	153	28.2	3.2	5.8	51.7	9.3	35.8	3.6	6.1	6	4
Gen_44	Britain	NA	NA	NA	NA	NA	64	11.8	NA	NA	NA	3	3
Gen_45	Britain	5.4	143	38	3.6	7.2	61.2	9.6	46.1	3.8	6.4	3	3
Gen_46	Britain	5.3	160	33.3	3.4	6.7	56.6	11.2	40.3	3.7	7	5	4
Gen_47	Britain	5.8	129	45.2	3.7	5.6	69.7	11.8	47.1	3.5	6.4	2	4
Gen_48	Britain	4.4	133	32.8	3.9	6.1	73.2	13.3	41	3.4	6.6	3	3
Gen_49	Britain	5.4	153	35.3	3.6	6.2	64.1	9.8	40.2	3.6	6.5	4	4
Gen_50	Britain	6.4	205	31.2	3	6.4	59.2	12.7	31.3	3.4	6.3	4	2
Gen_51	Britain	2.1	68	30.7	3.6	6.3	76.1	12.1	44.1	4.1	6.6	3	4
Gen_52	Britain	NA	NA	NA	NA	NA	72.1	12	NA	NA	NA	5	3
Gen_53	Britain	5.7	145	39.4	3.6	6.6	61.8	11	48.1	3.7	6.5	4	4
Gen_54	Britain	3.7	132	27.8	3.9	7.2	55	12.1	39	3.3	7.1	4	3
Gen_55	Britain	3.8	98	38.3	3.8	7	78.1	13.2	52.6	4	7.3	5	4
Gen_56	Others	1.4	47	30.4	3.2	6.3	56.1	12.7	35.4	3.2	6.6	10	4
Gen_57	Others	NA	NA	NA	NA	NA	70.6	12.7	NA	NA	NA	3	4
Gen_58	Others	4.7	145	32.1	3.2	5.4	53	12.2	38.1	4.2	5.9	5	4
Gen_59	Others	7.1	170	42	3.2	6.9	83.4	13.5	51.8	4.3	6.9	3	4
Gen_60	Others	8.2	181	45.2	3.9	6.4	72.9	12.5	51.9	4.1	6.8	3	4
Gen_61	Others	6.3	171	36.6	3.3	6.6	53.4	11.6	42.9	3.4	6.2	4	4
Gen_62	Others	4.2	147	28.6	3.9	6.7	64.5	10.7	40.8	3.8	6.9	4	4
Gen_63	Others	5	152	32.9	3.6	6.6	61.6	10.3	46.1	4.2	7.1	4	4
Gen_64	Others	4.4	135	32.5	3.9	6.1	58.3	13	41.9	3.8	7.1	8	3
Gen_65	Others	NA	NA	NA	NA	NA	63.8	11.1	NA	NA	NA	4	3
Gen_66	Others	0.9	30	29.6	3.5	6.8	60.1	14.9	40.1	4	7.1	8	4
Gen_67	Others	4.2	140	29.9	3.1	6	47.9	11.9	39.6	4.2	6.3	4	3
Gen_68	Others	NA	NA	NA	NA	NA	64.4	13.2	NA	NA	NA	4	3
Gen_69	Others	4.4	127	34.8	3.8	6.3	76.6	12.4	48.7	4.3	7	4	4
Gen_70	Others	4.8	148	32.7	3.5	6.7	59.1	11	44.7	3.3	6.9	4	3
Gen_71	Others	7	174	40.3	3.5	6.3	72.9	11.2	47.1	3.9	7	4	4
Gen_72	Others	2.3	69	33.9	4	6.9	60.8	13.2	41.1	3.8	6.2	3	4
Gen_73	Others	4	84	48	4.3	6.6	72.6	10.3	49.7	4.2	6.3	2	4
Gen_74	Others	2.6	77	33.4	3.4	7.2	67.4	11.7	30.4	3.8	6	3	3
Gen_75	Others	6	161	37.5	3.6	6.3	76.1	12.9	47.2	4.2	7	4	4
Gen_76	Others	5.2	152	33.9	3.4	6.1	71.8	11.9	42.8	4.2	6.6	5	3
Gen_77	Others	4.2	110	38.6	3.9	6.4	84.4	11	47	4	6.9	3	4
Gen_78	Others	5.9	179	32.8	3.5	5.8	60.4	14.8	37.4	3.4	6.5	3	3
Gen_79	Others	5.6	181	30.7	3.2	6.3	47.2	10.2	39.6	3.6	6.4	4	3
Gen_80	Others	0.4	25	15.1	3.1	5.2	63.2	11.5	37.3	4	6.5	7	4
